resources/data/weather/pre/cru_ts_3_10_01.1901.2009.pre_1901_1.asc
ncols  720
nrows  360
xllcorner  -180
yllcorner  -89.9999999999999
cellsize 0.5
NODATA_value  -999
[rows 76 to 113 of 360, columns 425 to 509 of 720]
379 411 395 363 357 361 382 396 389 343 287 254 263 254 225 232 232 239 184 171 163 160 189 213 237 261 279 271 256 253 237 229 257 288 327 361 371 380 375 380 411 416 404 421 422 437 420 401 383 365 347 329 296 294 277 260 243 241 255 257 266 290 315 315 317 298 280 287 294 270 261 267 245 250 228 220 211 196 207 220 228 260 293 305 321
343 384 373 351 354 357 407 380 312 208 197 214 236 244 198 159 149 135 120 117 118 133 123 147 172 196 209 211 208 199 175 194 226 254 299 340 353 324 339 342 345 374 376 376 375 387 394 401 391 397 361 359 323 321 285 284 266 248 246 261 266 284 307 332 295 295 287 279 287 295 286 292 254 259 224 229 221 212 229 252 237 250 262 275 251
328 380 367 355 353 416 391 350 331 220 180 199 216 232 192 146 122 114 111 108 102 158 131 111 119 143 149 146 147 139 123 167 208 250 290 325 351 320 315 304 318 319 318 331 359 369 360 383 355 361 367 338 325 311 310 272 270 269 250 248 247 258 298 310 312 286 296 288 313 304 296 287 263 255 233 225 230 198 202 191 193 207 207 192 189
289 340 355 380 435 442 375 336 354 238 190 190 201 212 188 138 118 107 102 96 88 172 150 132 109 95 98 95 101 102 128 172 213 243 277 307 348 337 304 286 282 291 303 301 328 336 342 365 354 343 331 319 324 311 316 302 287 271 269 268 267 268 284 309 321 294 305 314 323 314 306 297 273 265 256 234 215 195 187 177 167 148 142 144 144
300 336 382 444 485 437 363 307 314 262 201 200 195 203 188 141 122 105 90 85 79 196 174 152 119 81 88 92 106 135 158 184 208 232 271 297 321 305 301 282 293 289 274 286 312 303 325 347 336 359 330 318 305 292 278 282 286 271 256 259 263 285 284 317 291 303 332 324 316 324 316 291 283 289 266 235 197 191 183 184 173 154 136 111 91
316 372 451 446 432 376 322 274 267 269 211 201 206 205 190 173 157 134 119 102 180 205 165 128 90 88 93 114 136 163 175 190 203 227 251 285 304 297 277 273 286 282 263 275 296 302 323 329 335 358 346 315 301 287 273 258 261 264 229 251 254 276 312 285 299 311 323 334 325 299 309 300 276 284 269 229 178 187 180 170 160 133 116 108 85
370 371 363 363 354 312 270 247 239 223 209 191 186 169 225 212 190 160 154 234 221 184 145 118 94 101 121 147 160 177 192 204 214 222 240 256 270 298 263 260 274 287 284 280 273 275 261 280 300 304 308 296 267 253 274 260 246 231 216 237 240 264 270 293 307 320 332 343 316 308 301 293 285 289 250 187 185 184 176 156 138 129 105 90 76
274 289 273 270 265 304 301 272 264 245 200 163 154 162 285 254 219 235 247 233 200 162 130 100 77 119 140 156 170 183 203 212 230 223 225 241 264 272 263 260 257 272 261 255 231 246 244 267 250 269 273 246 265 253 240 211 198 217 220 223 208 239 264 300 315 328 321 333 345 336 310 302 293 255 218 172 182 170 152 134 126 118 110 94 74
187 189 182 217 267 304 323 301 282 270 203 152 125 175 330 305 302 266 239 219 183 147 116 79 87 117 154 179 191 201 208 214 230 233 233 231 245 263 280 257 254 239 219 216 195 204 248 228 251 244 211 214 218 206 224 212 185 172 174 177 212 233 278 327 344 337 350 342 374 346 338 311 275 237 200 158 157 156 139 131 123 115 99 92 80
114 144 180 219 261 289 308 335 304 262 203 156 101 178 364 351 300 258 231 205 169 128 94 66 95 123 144 167 187 204 221 210 240 240 220 233 227 259 253 229 232 232 196 193 174 180 207 217 227 221 200 194 189 178 180 169 172 160 162 180 187 210 252 277 309 324 338 372 364 356 347 311 242 219 171 166 144 142 146 128 120 96 96 85 89
121 150 170 213 241 259 278 283 303 347 268 172 118 122 262 326 290 249 210 192 149 106 77 69 94 122 146 167 184 212 231 216 230 244 239 233 -999 -999 -999 -999 -999 208 190 186 167 158 182 194 216 211 190 185 194 174 156 156 146 148 151 167 181 221 227 271 316 332 347 361 353 365 313 276 239 190 153 152 151 149 133 125 117 109 94 102 115
136 161 180 218 238 401 416 -999 -999 -999 294 194 156 150 170 256 274 228 203 179 131 89 62 81 99 111 138 166 193 206 232 235 246 -999 -999 -999 -999 -999 -999 -999 -999 184 168 165 148 149 159 170 196 185 195 175 184 165 174 155 150 136 139 141 176 199 222 265 313 317 355 370 362 333 295 258 208 173 150 139 138 146 139 122 114 106 99 129 144
315 204 216 243 249 -999 -999 -999 -999 -999 289 238 205 189 213 208 221 214 190 168 117 74 52 85 110 120 138 175 190 202 247 271 -999 -999 -999 -999 -999 -999 -999 290 266 178 162 146 118 116 125 134 158 168 184 164 160 169 178 160 155 137 133 135 170 193 234 239 285 325 364 379 352 315 277 240 191 158 147 136 135 133 127 128 111 104 126 122 145
373 317 286 313 311 272 266 274 332 397 367 326 281 245 250 223 200 182 194 164 108 62 61 93 115 130 158 174 200 233 -999 -999 -999 -999 -999 -999 -999 -999 201 190 172 157 142 127 101 98 106 114 136 145 169 183 193 174 169 164 172 167 124 143 160 194 212 253 300 350 349 371 334 314 275 222 185 165 153 142 141 140 133 124 116 123 128 132 167
-999 492 483 499 487 500 454 -999 -999 449 484 504 497 458 315 260 234 209 214 208 145 96 88 112 134 158 179 184 224 -999 -999 -999 -999 -999 -999 348 341 184 176 168 151 136 123 110 96 92 89 108 116 124 147 171 198 193 187 182 177 171 140 153 154 187 204 241 303 324 368 353 335 295 256 216 177 170 169 158 165 155 156 137 136 153 169 185 202
-999 -999 579 314 -999 -999 -999 -999 -999 -999 -999 423 897 857 646 526 424 309 258 232 227 170 156 158 170 190 202 220 294 -999 620 -999 -999 -999 -999 344 187 179 171 145 131 117 105 93 81 75 83 101 109 130 125 163 218 212 192 186 181 135 132 132 163 196 194 230 269 309 330 336 298 276 263 219 177 185 192 190 171 178 160 149 167 195 214 222 252
-999 -999 -999 -999 -999 -999 -999 -999 -999 -999 -999 -999 -999 516 1126 712 548 444 396 329 285 302 293 240 223 213 238 293 421 487 -999 -999 -999 -999 -999 -999 -999 175 148 141 128 99 101 89 67 69 77 84 102 123 132 155 150 171 211 206 129 139 140 140 154 186 202 234 246 280 329 338 331 286 254 228 228 199 224 230 210 182 173 171 191 231 252 261 275
-999 -999 -999 -999 -999 -999 -999 -999 -999 -999 -999 -999 -999 -999 528 1308 867 616 537 497 515 576 412 375 294 276 251 447 510 638 -999 -999 -999 -999 -999 -999 -999 283 162 137 125 111 96 74 64 56 71 78 96 104 124 147 156 166 170 165 132 142 134 148 161 195 198 190 219 273 319 338 327 293 266 226 250 282 314 303 257 228 201 205 227 259 293 317 299
-999 -999 -999 -999 -999 -999 -999 -999 -999 -999 -999 -999 -999 -999 -999 -999 552 1217 951 699 646 624 677 669 563 520 381 371 330 283 522 412 -999 -999 -999 -999 -999 -999 262 249 138 108 93 70 60 50 57 72 89 108 117 126 148 158 168 154 135 146 141 172 188 182 192 184 208 262 306 353 350 321 293 294 326 365 385 395 335 286 272 291 297 323 311 320 265
-999 392 419 448 462 476 -999 -999 -999 -999 -999 -999 -999 -999 -999 -999 -999 -999 1467 1361 1147 752 449 352 240 310 348 355 325 253 192 303 -999 -999 -999 -999 -999 -999 -999 241 150 118 90 76 56 39 59 66 82 90 99 118 127 136 145 154 138 135 165 175 167 176 183 189 223 262 319 363 367 341 292 391 392 442 499 462 387 320 364 369 380 374 363 302 228
599 532 445 453 468 513 476 477 -999 -999 -999 -999 -999 -999 -999 -999 -999 -999 1746 1223 1090 532 352 329 224 172 136 183 223 272 257 238 282 -999 -999 -999 -999 -999 -999 -999 131 115 87 72 60 48 53 68 84 93 92 100 120 129 138 147 140 158 159 167 159 165 169 184 195 230 307 363 366 332 310 454 465 503 524 477 393 318 358 386 396 402 348 258 181
542 406 333 345 351 356 396 461 599 499 514 -999 -999 558 555 551 574 1079 684 609 469 526 355 251 192 129 79 74 175 297 480 473 430 338 -999 -999 -999 -999 -999 -999 227 -999 -999 69 56 44 53 61 77 86 95 104 124 134 131 140 166 159 151 155 159 161 172 170 197 230 289 341 372 320 394 485 500 497 497 463 403 272 251 381 450 378 283 209 133
449 377 303 302 297 298 334 374 396 447 477 467 480 459 445 448 431 484 396 351 345 255 254 302 201 141 73 16 93 274 489 676 572 481 314 308 -999 -999 -999 -999 218 120 102 75 58 39 51 66 76 86 96 106 116 137 163 163 161 170 138 139 139 138 152 143 171 211 264 342 363 312 475 530 492 436 459 417 266 193 163 319 356 313 245 207 151
328 306 286 309 353 363 347 332 321 346 364 399 411 364 313 384 440 366 334 328 321 336 252 240 211 162 133 105 96 268 465 686 441 436 345 285 -999 -999 -999 -999 143 128 118 95 73 48 57 69 81 85 96 116 144 157 145 168 152 160 153 129 123 118 118 129 149 206 247 308 376 376 575 577 507 439 384 344 266 232 144 380 346 285 229 171 160
256 279 302 318 429 402 356 313 295 292 317 374 449 471 535 524 455 355 342 390 422 464 401 233 237 241 264 232 136 217 354 499 358 341 262 -999 -999 -999 -999 -999 -999 194 121 106 103 62 55 68 87 111 136 148 137 138 159 144 140 155 142 123 102 89 75 96 124 156 203 237 295 418 748 671 643 582 587 550 435 349 337 454 482 340 259 137 83
249 282 338 347 369 359 319 317 291 303 309 440 516 612 663 876 734 611 578 594 578 535 510 402 311 237 269 242 158 169 187 325 323 279 -999 -999 -999 -999 -999 -999 -999 155 115 99 81 69 74 118 149 154 145 127 136 128 142 137 133 144 136 107 82 57 41 61 89 142 211 292 350 469 754 701 601 585 580 534 443 362 444 604 537 426 310 162 93
204 254 287 329 350 299 298 312 325 329 353 480 571 471 574 717 785 836 1072 953 697 586 596 496 429 310 242 219 187 215 220 250 255 -999 -999 -999 -999 -999 -999 -999 -999 -999 -999 82 62 101 158 185 166 136 129 122 130 127 122 124 118 126 126 97 63 31 77 137 183 241 314 387 368 481 616 533 488 497 492 487 444 381 482 539 456 328 261 136 78
206 220 250 241 308 354 402 470 462 424 438 452 489 536 609 671 820 958 1284 1400 957 741 645 553 543 342 267 212 212 233 263 269 259 214 -999 -999 -999 -999 -999 -999 -999 -999 -999 58 99 161 157 166 168 164 135 123 108 103 109 98 102 96 94 76 39 88 148 214 290 357 409 401 401 397 397 337 367 376 385 426 415 364 407 397 264 269 193 113 77
315 242 232 281 342 497 736 754 714 598 599 721 642 644 733 778 879 921 1076 1265 1192 974 854 835 682 385 291 251 246 269 275 289 273 225 -999 -999 -999 -999 -999 -999 -999 -999 -999 114 134 142 138 150 151 151 152 142 112 91 80 76 73 69 62 54 102 164 234 307 381 443 391 384 330 226 269 284 268 283 297 340 347 308 326 345 290 242 173 144 96
592 347 377 499 854 1199 975 986 947 791 674 636 617 647 715 759 906 985 1044 1172 1163 1122 1097 982 794 463 342 266 282 298 296 287 269 222 192 173 -999 -999 -999 -999 -999 -999 112 114 110 116 135 136 137 142 136 120 107 88 68 57 48 41 45 69 133 202 266 330 394 449 383 318 253 182 201 221 229 244 288 321 318 340 347 261 221 191 161 128 92
933 734 719 973 1184 1176 1029 1048 933 691 552 500 473 476 535 585 592 719 847 952 926 927 949 889 819 609 419 326 354 364 327 291 264 244 217 195 174 147 150 -999 81 98 98 106 111 116 121 110 115 102 94 89 69 55 45 27 27 45 69 92 165 242 323 397 445 453 386 310 252 213 250 276 279 311 359 400 434 438 416 352 192 128 115 83 88
1178 1077 1095 1001 -999 -999 944 1178 814 524 465 422 391 376 427 468 454 578 694 738 761 723 774 826 786 655 483 408 413 407 358 302 288 251 209 186 161 156 127 115 92 86 100 94 91 99 104 95 82 75 60 44 30 16 9 30 48 68 94 115 194 278 365 434 503 510 433 356 272 300 345 376 349 415 518 586 608 557 489 406 348 224 91 58 55
-999 -999 -999 1030 -999 -999 1497 1219 839 548 416 351 306 303 298 326 348 432 499 572 608 633 680 729 778 676 516 470 486 447 393 342 294 255 217 181 147 111 101 99 94 86 78 70 73 71 67 53 45 37 25 10 10 27 35 51 75 95 131 152 226 316 410 544 596 628 586 479 358 383 436 481 478 594 652 699 715 665 577 534 474 374 246 129 47
1012 730 816 1035 -999 -999 1027 1273 771 551 407 306 279 286 244 229 282 328 400 456 497 559 614 672 732 684 502 535 552 490 424 361 297 262 222 179 133 92 75 71 60 55 51 54 52 46 37 28 18 6 10 24 40 60 67 69 94 124 159 194 266 348 477 623 648 679 593 491 388 443 457 531 557 626 733 730 746 725 738 679 621 546 455 306 191
923 835 1088 -999 -999 -999 1153 1327 832 604 406 293 230 197 182 193 221 258 330 361 413 460 520 584 651 647 539 585 568 520 450 398 335 272 219 171 118 79 59 52 44 39 35 38 28 20 11 2 10 24 36 52 69 83 93 101 114 144 185 226 322 425 538 646 671 677 568 468 420 475 533 582 599 551 629 604 730 762 849 879 852 763 633 543 363
-999 -999 -999 -999 -999 -999 1851 1533 969 567 344 200 176 188 173 175 192 229 258 289 329 360 423 481 554 601 552 621 572 538 479 422 355 288 222 161 108 64 42 37 30 27 25 17 8 1 10 19 32 48 64 90 102 113 119 119 133 160 203 250 341 462 580 644 657 663 554 437 443 490 536 583 572 627 657 629 623 627 622 717 932 975 906 727 581
-999 -999 -999 -999 -999 1439 1779 1366 670 368 276 198 173 159 154 175 178 198 236 249 262 302 326 366 452 493 525 598 565 544 517 441 369 284 210 146 91 51 27 24 20 16 6 2 8 15 22 40 50 76 88 111 145 152 157 152 157 180 225 268 361 474 579 630 630 637 520 416 465 530 577 558 564 617 644 626 739 642 603 676 805 936 911 831 689
-999 -999 -999 -999 -999 2125 1731 913 358 207 159 165 150 146 151 155 159 175 187 208 229 251 255 287 338 410 442 495 540 532 515 454 368 273 199 133 80 35 15 13 6 3 8 14 22 28 39 58 70 94 118 135 157 182 197 187 182 195 229 260 343 455 581 604 604 600 478 416 496 541 554 516 528 630 570 468 458 491 494 587 683 782 812 807 737
