resources/data/weather/pre/cru_ts_3_10_01.1901.2009.pre_1901_1.asc
ncols  720
nrows  360
xllcorner  -180
yllcorner  -89.9999999999999
cellsize 0.5
NODATA_value  -999
[rows 152 to 189 of 360, columns 170 to 254 of 720]
-999 -999 -999 -999 -999 -999 -999 10 30 0 0 60 80 70 60 50 180 420 594 787 1000 1231 1464 933 -999 -999 -999 -999 -999 -999 -999 -999 -999 -999 -999 -999 -999 -999 -999 -999 -999 -999 -999 -999 -999 -999 -999 -999 -999 -999 -999 -999 -999 -999 -999 -999 -999 -999 -999 -999 -999 -999 -999 -999 -999 -999 -999 -999 -999 -999 -999 -999 -999 -999 -999 -999 -999 -999 -999 -999 -999 -999 -999 -999 -999
-999 -999 -999 -999 -999 -999 -999 -999 -999 -999 -999 0 0 0 0 0 140 396 681 711 753 1094 1361 -999 -999 -999 -999 560 -999 -999 -999 -999 -999 -999 -999 -999 -999 -999 -999 -999 -999 -999 -999 -999 -999 -999 -999 -999 -999 -999 -999 -999 -999 -999 -999 -999 -999 -999 -999 -999 -999 -999 -999 -999 -999 -999 -999 732 -999 -999 1414 1653 -999 -999 -999 -999 -999 -999 -999 -999 -999 -999 -999 -999 -999
-999 -999 -999 -999 -999 -999 -999 -999 -999 -999 -999 -999 -999 -999 0 0 19 115 355 507 803 1113 1389 -999 -999 -999 427 -999 -999 -999 -999 -999 -999 -999 -999 -999 -999 -999 -999 -999 -999 -999 -999 -999 -999 -999 -999 -999 -999 -999 -999 -999 -999 -999 -999 -999 -999 -999 -999 -999 -999 -999 -999 -999 -999 -999 -999 -999 -999 -999 -999 -999 -999 -999 -999 -999 -999 -999 -999 -999 -999 -999 -999 -999 -999
-999 -999 -999 -999 -999 -999 -999 -999 -999 -999 -999 -999 -999 -999 -999 0 0 0 246 732 1019 1273 1621 -999 -999 -999 -999 443 -999 -999 -999 -999 -999 -999 -999 -999 -999 -999 -999 -999 -999 -999 -999 -999 -999 300 91 66 -999 275 -999 255 226 -999 -999 -999 -999 -999 -999 -999 -999 -999 -999 -999 -999 -999 631 -999 -999 -999 -999 -999 -999 -999 -999 -999 -999 -999 -999 -999 -999 -999 -999 -999 -999
-999 -999 -999 -999 -999 -999 -999 -999 -999 -999 -999 -999 -999 -999 -999 -999 0 0 270 307 1321 1529 1752 -999 -999 -999 -999 -999 -999 -999 -999 -999 -999 -999 -999 -999 -999 -999 -999 -999 -999 -999 -999 -999 250 100 73 297 -999 248 224 -999 -999 -999 -999 -999 -999 133 -999 -999 -999 -999 -999 -999 -999 -999 -999 -999 -999 -999 -999 -999 -999 -999 -999 -999 -999 -999 -999 -999 -999 -999 -999 -999 -999
-999 -999 -999 -999 -999 -999 -999 -999 -999 -999 -999 -999 -999 -999 -999 -999 -999 92 215 536 725 1515 1198 -999 -999 -999 -999 -999 -999 -999 -999 -999 -999 -999 -999 -999 -999 -999 -999 -999 -999 130 160 150 150 110 310 306 44 52 85 115 149 -999 -999 -999 -999 -999 -999 -999 -999 -999 272 -999 -999 -999 -999 -999 923 -999 -999 -999 -999 -999 -999 -999 -999 -999 -999 -999 -999 -999 -999 -999 -999
-999 -999 -999 -999 -999 -999 -999 -999 -999 -999 -999 -999 -999 -999 -999 -999 -999 -999 6 441 921 915 1720 -999 -999 -999 -999 -999 -999 -999 -999 -999 -999 -999 -999 -999 -999 -999 -999 90 90 140 350 170 120 120 64 25 67 98 85 96 137 167 50 39 40 34 -999 -999 -999 152 223 333 380 468 519 537 -999 -999 -999 -999 -999 -999 -999 -999 -999 -999 -999 -999 -999 -999 -999 -999 -999
-999 -999 -999 -999 -999 -999 -999 -999 -999 -999 -999 -999 -999 -999 -999 -999 -999 -999 0 0 523 877 1232 1578 -999 -999 -999 -999 -999 -999 -999 -999 -999 -999 -999 -999 -999 -999 190 130 190 290 240 220 220 190 119 50 177 163 102 77 70 52 15 26 8 38 94 44 69 108 222 412 391 -999 480 624 -999 -999 -999 -999 -999 -999 -999 -999 -999 -999 -999 -999 -999 -999 -999 -999 -999
-999 -999 -999 -999 -999 -999 -999 -999 -999 -999 -999 -999 -999 -999 -999 -999 -999 -999 5 0 8 0 848 618 880 581 -999 -999 -999 -999 -999 -999 -999 -999 -999 -999 -999 -999 350 200 190 190 260 290 370 430 -999 397 244 222 203 53 35 24 0 13 31 59 55 16 44 70 170 302 474 529 631 751 -999 -999 -999 -999 -999 -999 -999 -999 -999 -999 -999 -999 -999 -999 -999 -999 -999
-999 -999 -999 -999 -999 -999 -999 -999 -999 -999 -999 -999 -999 -999 -999 -999 -999 -999 -999 -999 -999 214 85 199 406 915 -999 -999 -999 744 411 1052 975 836 -999 -999 -999 720 100 190 100 180 210 370 610 740 502 430 207 189 158 33 20 15 10 6 30 50 29 68 54 68 162 272 416 608 776 843 1150 -999 -999 -999 -999 -999 -999 -999 -999 -999 -999 -999 -999 -999 -999 -999 -999
-999 -999 -999 -999 -999 -999 -999 -999 -999 -999 -999 -999 -999 -999 -999 -999 -999 -999 -999 -999 -999 -999 165 323 370 501 571 542 464 320 239 909 644 701 589 1200 1140 220 220 140 180 200 210 390 860 1100 977 215 103 209 71 33 21 14 13 4 7 16 20 41 44 78 139 233 382 691 843 870 1124 1232 -999 -999 -999 -999 -999 -999 -999 -999 -999 -999 -999 -999 -999 -999 -999
-999 -999 -999 -999 -999 -999 -999 -999 -999 -999 -999 -999 -999 -999 -999 -999 -999 -999 -999 -999 -999 -999 211 260 188 329 326 268 145 1045 1131 1204 -999 404 399 410 290 280 260 290 290 280 310 210 710 1390 219 182 210 133 63 27 6 0 0 0 0 0 8 19 39 76 134 210 333 519 700 658 587 526 464 1158 -999 -999 -999 -999 -999 -999 -999 -999 -999 -999 -999 -999 -999
-999 -999 -999 -999 -999 -999 -999 -999 -999 -999 -999 -999 -999 -999 -999 -999 -999 -999 -999 -999 -999 -999 -999 -999 -999 -999 791 187 139 115 -999 -999 -999 203 558 730 880 870 760 550 460 510 540 530 380 310 347 250 151 77 49 39 30 14 7 6 24 50 88 89 95 120 210 367 500 500 649 844 1074 1197 1226 1102 896 -999 -999 -999 -999 -999 -999 -999 -999 -999 -999 -999 -999
-999 -999 -999 -999 -999 -999 -999 -999 -999 -999 -999 -999 -999 -999 -999 -999 -999 -999 -999 -999 -999 -999 -999 -999 -999 -999 -999 -999 231 1543 -999 -999 -999 2327 890 1174 1323 1186 1168 785 538 602 529 785 119 1047 320 230 90 67 46 53 51 24 8 7 42 73 132 171 191 218 247 343 460 502 587 755 935 1039 1029 915 733 591 -999 -999 -999 -999 -999 -999 -999 -999 -999 -999 -999
-999 -999 -999 -999 -999 -999 -999 -999 -999 -999 -999 -999 -999 -999 -999 -999 -999 -999 -999 -999 -999 -999 -999 -999 -999 -999 -999 -999 -999 -999 -999 -999 -999 -999 2750 1819 1936 1179 1089 965 825 635 618 676 241 310 292 190 120 100 100 100 96 65 36 26 73 140 192 233 296 307 306 340 402 471 585 719 834 900 872 742 561 396 464 -999 -999 -999 -999 -999 -999 -999 -999 -999 -999
-999 -999 -999 -999 -999 -999 -999 -999 -999 -999 -999 -999 -999 -999 -999 -999 -999 -999 -999 -999 -999 -999 -999 -999 -999 -999 -999 -999 -999 -999 -999 -999 -999 -999 -999 2541 2835 1084 619 936 1024 656 671 906 178 249 213 179 160 160 160 160 170 170 130 96 167 231 289 325 409 445 430 384 372 392 497 619 688 788 832 767 584 424 479 633 -999 -999 -999 -999 -999 -999 -999 -999 -999
-999 -999 -999 -999 -999 -999 -999 -999 -999 -999 -999 -999 -999 -999 -999 -999 -999 -999 -999 -999 -999 -999 -999 -999 -999 -999 -999 -999 -999 -999 -999 -999 -999 -999 -999 3392 3863 1203 718 831 779 708 429 172 115 286 158 177 198 220 220 250 260 280 270 260 310 390 424 444 491 550 466 405 355 360 406 531 720 854 1006 1031 831 626 607 602 617 644 772 808 836 850 845 -999 -999
-999 -999 -999 -999 -999 -999 -999 -999 -999 -999 -999 -999 -999 -999 -999 -999 -999 -999 -999 -999 -999 -999 -999 -999 -999 -999 -999 -999 -999 -999 -999 -999 -999 -999 -999 3870 3841 1395 805 599 477 584 135 79 198 100 139 199 257 302 330 350 380 390 410 410 450 490 550 580 600 568 536 495 495 468 502 550 668 839 1026 1240 1063 833 748 727 774 846 925 939 919 822 753 800 876
-999 -999 -999 -999 -999 -999 -999 -999 -999 -999 -999 -999 -999 -999 -999 -999 -999 -999 -999 -999 -999 -999 -999 -999 -999 -999 -999 -999 -999 -999 -999 -999 -999 -999 -999 3612 3421 792 676 471 357 270 133 214 193 119 151 240 324 364 415 480 510 530 550 570 600 640 680 710 700 680 634 589 562 558 556 509 600 800 978 1077 1006 912 857 890 994 1123 1214 1152 1029 942 908 895 862
-999 -999 -999 -999 -999 -999 -999 -999 -999 -999 -999 -999 -999 -999 -999 -999 -999 -999 -999 -999 -999 -999 -999 -999 -999 -999 -999 -999 -999 -999 -999 -999 -999 -999 -999 3048 1723 369 604 520 418 153 393 147 148 133 172 273 356 432 488 594 660 670 700 740 780 820 820 830 810 790 750 681 625 554 511 476 529 650 777 864 863 886 896 1010 1220 1439 1502 1292 1131 1036 1020 1014 982
-999 -999 -999 -999 -999 -999 -999 -999 -999 -999 -999 -999 -999 -999 -999 -999 -999 -999 -999 -999 -999 -999 -999 -999 -999 -999 -999 -999 -999 -999 -999 -999 -999 -999 -999 2436 724 503 637 549 463 205 472 191 176 187 229 304 402 503 590 701 802 850 860 930 980 1000 1000 990 950 890 850 780 672 571 487 432 410 441 519 640 730 805 869 1022 1321 1599 1624 1368 1204 1117 1100 1104 1078
-999 -999 -999 -999 -999 -999 -999 -999 -999 -999 -999 -999 -999 -999 -999 -999 -999 -999 -999 -999 -999 -999 -999 -999 -999 -999 -999 -999 -999 -999 -999 -999 -999 -999 -999 2053 920 807 790 512 457 422 325 253 246 273 327 400 492 591 698 831 949 1038 1130 1170 1190 1200 1190 1150 1080 1000 930 840 760 625 500 378 291 271 332 494 624 732 810 932 1217 1441 1410 1306 1222 1178 1175 1187 1207
-999 -999 -999 -999 -999 -999 -999 -999 -999 -999 -999 -999 -999 -999 -999 -999 -999 -999 -999 -999 -999 -999 -999 -999 -999 -999 -999 -999 -999 -999 -999 -999 -999 -999 2812 1660 1122 709 627 468 387 353 323 322 347 386 455 535 637 761 902 1069 1192 1285 1371 1430 1430 1430 1380 1330 1240 1130 1040 940 840 710 558 393 252 267 351 461 593 707 793 904 1037 1125 1108 1182 1209 1225 1254 1264 1332
-999 -999 -999 -999 -999 -999 -999 -999 -999 -999 -999 -999 -999 -999 -999 -999 -999 -999 -999 -999 -999 -999 -999 -999 -999 -999 -999 -999 -999 -999 -999 -999 2751 2631 2177 1408 1235 545 494 436 434 392 366 403 438 517 593 690 809 960 1138 1336 1499 1622 1700 1700 1680 1650 1550 1500 1390 1280 1170 1070 950 830 700 530 420 420 456 543 645 748 829 905 975 958 973 1116 1213 1272 1316 1327 1446
-999 -999 -999 -999 -999 -999 -999 -999 -999 -999 -999 -999 -999 -999 -999 -999 -999 -999 -999 -999 -999 -999 -999 -999 -999 -999 -999 -999 -999 -999 -999 -999 2541 2623 2092 976 872 733 580 773 630 540 514 517 586 658 751 872 1009 1172 1398 1676 1873 2000 2010 1970 1920 1860 1760 1650 1540 1430 1330 1220 1100 980 850 760 653 625 638 672 760 840 904 981 1046 1042 1058 1150 1245 1318 1370 1425 1561
-999 -999 -999 -999 -999 -999 -999 -999 -999 -999 -999 -999 -999 -999 -999 -999 -999 -999 -999 -999 -999 -999 -999 -999 -999 -999 -999 -999 -999 -999 1480 2047 2562 3699 899 828 751 1529 1234 1005 827 726 698 690 753 864 967 1084 1241 1398 1731 2076 2290 2320 2300 2240 2160 2030 1900 1730 1700 1600 1490 1390 1260 1150 1050 970 930 871 857 867 936 1005 1066 1118 1162 1162 1188 1250 1311 1376 1423 1520 1664
-999 -999 -999 -999 -999 -999 -999 -999 -999 -999 -999 -999 -999 -999 -999 -999 -999 -999 -999 -999 -999 -999 -999 -999 -999 -999 -999 -999 -999 1438 1989 2367 2647 1299 460 684 2042 1684 1376 1155 1000 915 879 902 948 1062 1183 1336 1506 1722 2076 2530 2620 2620 2580 2500 2380 2250 2060 1970 1880 1790 1660 1550 1460 1350 1260 1190 1160 1140 1098 1129 1167 1223 1269 1312 1327 1317 1319 1353 1384 1431 1469 1612 1756
-999 -999 -999 -999 -999 -999 -999 -999 -999 -999 -999 -999 -999 -999 -999 -999 -999 -999 -999 -999 -999 -999 -999 -999 -999 -999 -999 -999 -999 1723 2392 2846 2135 617 562 1953 1867 1580 1415 1261 1151 1099 1085 1101 1181 1282 1413 1587 1769 1998 2340 2660 2790 2850 2780 2700 2570 2420 2290 2170 2040 1940 1830 1720 1630 1540 1470 1420 1380 1370 1390 1410 1440 1490 1510 1550 1513 1500 1474 1476 1471 1488 1544 1673 1830
-999 -999 -999 -999 -999 -999 1120 710 1160 -999 -999 -999 -999 -999 -999 -999 -999 -999 -999 -999 -999 -999 -999 -999 -999 -999 -999 -999 -999 1681 2583 3103 1109 658 1037 2060 1890 1663 1464 1348 1303 1297 1307 1341 1390 1525 1685 1852 2027 2260 2470 2680 2830 2890 2870 2810 2670 2530 2390 2290 2170 2080 1980 1890 1820 1740 1670 1620 1600 1590 1610 1630 1650 1670 1690 1700 1740 1685 1655 1604 1567 1534 1598 1721 1876
-999 -999 -999 -999 -999 -999 -999 680 1200 1220 1340 -999 -999 -999 -999 -999 -999 -999 -999 -999 -999 -999 -999 -999 -999 -999 -999 -999 1159 1549 2669 3021 712 611 1806 2170 1978 1737 1535 1429 1456 1492 1537 1574 1629 1766 1908 2076 2250 2400 2550 2710 2810 2870 2860 2790 2690 2550 2440 2360 2270 2170 2100 2040 1970 1900 1850 1820 1790 1810 1830 1860 1870 1890 1880 1870 1890 1900 1848 1756 1657 1576 1641 1749 1898
-999 -999 -999 -999 -999 -999 -999 1080 -999 -999 -999 -999 -999 -999 -999 -999 -999 -999 -999 -999 -999 -999 -999 -999 -999 -999 -999 -999 815 1593 2719 2950 386 836 2419 2219 2018 1817 1651 1581 1636 1701 1748 1815 1872 1983 2134 2310 2400 2520 2630 2730 2800 2820 2810 2750 2660 2550 2460 2390 2320 2260 2200 2150 2090 2040 2000 1990 1990 2010 2050 2090 2100 2110 2070 2040 2010 2030 2060 1934 1738 1612 1648 1772 1931
-999 -999 -999 -999 -999 -999 -999 -999 -999 -999 -999 -999 -999 -999 -999 -999 -999 -999 -999 -999 -999 -999 -999 -999 -999 -999 -999 -999 933 1622 2402 2629 282 845 2391 2210 2038 1875 1767 1744 1819 1914 2000 2051 2122 2201 2370 2440 2520 2600 2670 2750 2800 2810 2780 2720 2610 2510 2460 2410 2370 2320 2260 2220 2180 2140 2120 2130 2160 2200 2260 2320 2350 2330 2260 2170 2100 2120 2200 2140 1838 1612 1660 1820 2018
-999 -999 -999 -999 -999 -999 -999 -999 -999 -999 -999 -999 -999 -999 -999 -999 -999 -999 -999 -999 -999 -999 -999 -999 -999 -999 -999 179 862 1409 1876 2127 641 863 2143 2106 2005 1917 1869 1883 1969 2114 2186 2231 2305 2410 2490 2560 2630 2670 2740 2790 2810 2800 2760 2700 2590 2460 2440 2430 2410 2360 2320 2260 2230 2220 2230 2260 2300 2360 2440 2550 2620 2580 2450 2280 2140 2130 2170 2100 1900 1780 1780 1960 2150
-999 -999 -999 -999 -999 -999 -999 -999 -999 -999 -999 -999 -999 -999 -999 -999 -999 -999 -999 -999 -999 -999 -999 -999 -999 -999 -999 -999 474 1117 1495 925 739 1504 1970 1988 1970 1923 1937 1978 2105 2244 2328 2383 2450 2530 2610 2660 2720 2750 2780 2820 2840 2830 2780 2710 2610 2500 2490 2490 2470 2420 2360 2310 2290 2290 2320 2350 2420 2490 2600 2760 2890 2870 2650 2390 2150 2120 2080 1990 1930 1910 1940 2060 2240
-999 -999 -999 -999 -999 -999 -999 -999 -999 -999 -999 -999 -999 -999 -999 -999 -999 -999 -999 -999 -999 -999 -999 -999 -999 -999 -999 -999 -999 760 1081 907 944 1587 1841 1917 1950 1946 1969 2039 2205 2386 2502 2540 2550 2650 2730 2770 2790 2810 2840 2860 2880 2860 2840 2780 2690 2630 2580 2570 2560 2480 2390 2320 2310 2340 2390 2450 2520 2590 2730 2900 3080 3060 2780 2510 2290 2150 2070 2010 1980 2000 2070 2180 2340
-999 -999 -999 -999 -999 -999 -999 -999 -999 -999 -999 -999 -999 -999 -999 -999 -999 -999 -999 -999 -999 -999 -999 -999 -999 -999 -999 -999 268 555 733 853 989 1366 1750 1878 1919 1969 1992 2034 2308 2521 2690 2680 2670 2730 2800 2850 2860 2870 2880 2920 2930 2920 2900 2860 2800 2720 2690 2650 2590 2520 2410 2330 2320 2390 2450 2530 2600 2690 2820 2950 3040 2990 2830 2610 2400 2220 2100 2060 2060 2100 2190 2290 2450
-999 -999 -999 -999 -999 -999 -999 -999 -999 -999 -999 -999 -999 -999 -999 -999 -999 -999 -999 -999 -999 -999 -999 -999 -999 -999 -999 48 141 305 491 823 867 1367 1717 1846 1932 2011 2072 2201 2423 2600 2700 2720 2720 2750 2830 2890 2950 3010 3000 3020 3020 3000 2970 2930 2890 2820 2770 2710 2630 2560 2450 2360 2370 2440 2520 2590 2670 2760 2860 2940 2990 2960 2840 2660 2490 2320 2160 2120 2160 2210 2290 2400 2530
-999 -999 -999 -999 -999 -999 -999 -999 -999 -999 -999 -999 -999 -999 -999 -999 -999 -999 -999 -999 -999 -999 -999 -999 -999 -999 -999 0 57 216 564 683 829 1540 1676 1812 1898 2014 2124 2275 2450 2550 2580 2660 2700 2760 2850 2930 2990 3080 3110 3080 3060 3050 3040 3010 2980 2900 2830 2760 2680 2600 2530 2470 2480 2520 2600 2670 2740 2830 2890 2950 2970 2940 2850 2720 2570 2440 2300 2260 2290 2340 2400 2490 2590
