resources/data/weather/pre/cru_ts_3_10_01.1901.2009.pre_1901_1.asc
ncols  720
nrows  360
xllcorner  -180
yllcorner  -89.9999999999999
cellsize 0.5
NODATA_value  -999
[rows 38 to 75 of 360, columns 170 to 254 of 720]
50 60 60 40 30 20 -999 -999 -999 -999 -999 0 10 10 10 10 10 10 20 20 20 30 40 50 50 70 60 60 60 70 60 60 70 80 90 90 90 90 110 120 120 120 110 110 100 70 110 120 70 70 80 70 100 -999 -999 -999 -999 -999 -999 -999 -999 -999 -999 -999 -999 -999 -999 -999 -999 -999 -999 -999 -999 -999 -999 -999 -999 -999 -999 -999 191 253 263 256 205
40 40 40 40 30 20 0 -999 -999 -999 -999 -999 0 0 10 10 10 10 10 10 20 30 40 40 50 60 60 60 60 70 70 60 60 70 70 70 80 90 100 100 100 110 120 110 110 100 80 80 70 90 90 90 80 80 70 -999 -999 -999 -999 -999 -999 -999 -999 -999 -999 -999 -999 -999 -999 -999 -999 -999 -999 -999 -999 -999 -999 -999 -999 -999 293 259 320 270 225
30 30 30 20 30 10 -999 0 -999 -999 -999 -999 -999 -999 -999 0 0 -999 -999 20 30 40 40 40 50 50 70 70 80 70 70 70 70 70 60 60 60 50 50 60 60 70 90 90 80 100 80 80 100 120 100 110 130 130 90 70 -999 -999 -999 -999 -999 -999 -999 -999 -999 -999 -999 -999 -999 -999 -999 -999 -999 -999 -999 -999 -999 -999 -999 -999 308 290 294 282 214
-999 30 30 30 20 30 10 20 10 0 -999 10 10 -999 -999 -999 -999 -999 -999 10 20 40 60 60 60 60 70 70 -999 -999 -999 70 70 70 -999 70 60 50 50 50 40 50 60 50 50 50 50 60 80 100 110 110 130 130 80 70 50 -999 -999 -999 -999 -999 -999 -999 -999 -999 -999 -999 -999 -999 -999 -999 -999 -999 -999 -999 -999 -999 -999 -999 -999 199 208 190 152
10 20 10 40 40 40 50 40 20 -999 10 10 20 20 -999 -999 -999 -999 20 20 30 50 60 70 60 60 70 60 -999 -999 -999 80 80 -999 -999 -999 70 60 50 40 30 40 40 30 30 30 30 50 20 30 60 60 60 60 -999 -999 -999 -999 -999 -999 -999 -999 -999 -999 -999 -999 -999 -999 -999 -999 -999 -999 -999 -999 -999 -999 -999 -999 -999 -999 -999 -999 -999 128 96
10 30 40 40 40 40 40 40 30 20 20 30 20 20 20 -999 10 -999 10 40 50 50 70 70 80 50 60 -999 -999 -999 -999 70 80 -999 -999 -999 80 70 60 60 50 50 50 40 30 40 50 60 30 40 70 70 80 100 80 70 50 -999 -999 -999 -999 -999 -999 -999 -999 -999 -999 -999 -999 -999 -999 -999 -999 -999 -999 -999 -999 -999 -999 -999 -999 -999 -999 151 136
40 40 50 60 60 60 60 50 50 40 40 50 50 30 -999 -999 30 20 50 60 60 70 70 70 90 80 80 -999 -999 -999 -999 -999 -999 -999 -999 90 90 90 80 70 70 60 50 -999 50 40 40 40 40 60 70 70 80 100 120 110 120 120 100 100 90 125 -999 -999 -999 -999 -999 -999 -999 -999 -999 -999 -999 -999 -999 -999 -999 -999 -999 -999 -999 -999 176 153 136
50 60 60 60 60 60 70 60 60 60 60 60 60 60 50 40 50 70 60 60 60 70 80 90 90 90 90 80 -999 -999 -999 -999 -999 -999 -999 100 100 100 90 90 -999 -999 -999 -999 60 40 40 40 60 70 80 80 90 110 110 170 210 220 240 190 130 120 125 206 292 -999 -999 -999 -999 -999 -999 -999 -999 -999 -999 -999 -999 -999 -999 -999 -999 -999 178 171 167
80 80 70 80 80 60 70 70 80 80 70 70 70 80 80 70 70 80 80 70 70 60 70 70 80 80 80 -999 -999 -999 -999 -999 -999 -999 -999 -999 -999 -999 -999 -999 -999 -999 -999 80 70 70 70 70 80 70 80 80 90 90 90 90 110 140 180 210 180 200 210 291 368 494 593 626 -999 -999 -999 -999 -999 -999 -999 -999 -999 -999 -999 -999 -999 -999 194 147 141
70 70 80 90 90 80 60 70 80 80 80 80 80 80 90 70 80 70 -999 50 70 70 70 70 -999 -999 -999 -999 -999 -999 -999 -999 -999 -999 -999 -999 -999 -999 -999 -999 -999 100 100 100 90 90 90 90 90 90 90 100 100 110 100 100 120 140 150 160 160 190 280 360 385 476 573 -999 -999 -999 -999 -999 -999 -999 -999 -999 -999 -999 -999 -999 -999 -999 180 159 185
80 90 90 90 80 90 70 80 80 80 70 60 70 80 80 80 80 50 80 80 70 70 70 70 -999 -999 -999 -999 -999 -999 -999 -999 -999 -999 -999 -999 -999 -999 -999 -999 -999 110 110 110 110 110 110 110 110 120 130 140 140 130 120 130 -999 -999 150 150 170 220 290 320 370 437 -999 -999 -999 -999 -999 -999 -999 -999 -999 -999 -999 -999 -999 -999 -999 -999 -999 151 150
80 80 90 80 80 90 90 90 90 90 90 80 80 70 80 70 -999 60 80 80 80 80 90 -999 -999 -999 -999 -999 -999 -999 -999 -999 -999 -999 150 170 160 160 150 140 130 130 120 120 130 120 120 120 130 140 150 160 160 160 160 140 160 -999 -999 180 190 210 270 -999 -999 -999 -999 -999 -999 -999 -999 -999 -999 -999 -999 -999 -999 -999 -999 -999 -999 -999 -999 -999 -999
80 80 80 80 80 80 70 70 80 80 90 80 80 90 80 70 -999 80 80 80 90 110 100 100 80 80 -999 -999 -999 -999 -999 -999 -999 150 180 190 200 200 170 170 150 140 130 130 130 130 120 140 130 150 160 180 190 200 210 210 190 180 180 -999 -999 -999 270 -999 -999 -999 -999 -999 -999 -999 -999 -999 -999 -999 -999 -999 -999 -999 -999 -999 -999 -999 -999 -999 -999
80 90 80 80 90 90 80 80 80 80 70 80 80 80 80 -999 -999 80 80 80 90 90 90 70 80 90 90 -999 -999 -999 -999 -999 -999 -999 180 190 200 200 180 170 160 150 150 140 150 140 150 150 160 160 170 180 200 220 230 230 230 230 240 210 -999 -999 -999 -999 -999 -999 -999 -999 -999 -999 -999 -999 -999 -999 -999 -999 -999 -999 -999 -999 -999 -999 -999 -999 -999
90 90 90 90 80 90 80 70 70 70 70 -999 70 -999 -999 70 90 90 90 80 80 70 70 70 80 80 90 100 120 130 -999 -999 -999 -999 170 190 200 -999 -999 -999 -999 -999 -999 -999 150 150 150 160 180 200 210 220 210 210 230 250 260 260 270 260 240 -999 -999 -999 -999 -999 -999 -999 -999 -999 -999 -999 -999 -999 -999 -999 -999 -999 -999 -999 -999 -999 -999 -999 -999
100 110 110 100 90 100 100 90 80 -999 -999 -999 -999 -999 -999 -999 -999 -999 70 80 80 -999 -999 -999 -999 -999 -999 100 -999 -999 -999 -999 -999 160 180 180 180 -999 -999 -999 -999 -999 -999 -999 -999 -999 160 170 180 190 210 230 240 230 230 240 240 240 260 260 250 -999 -999 -999 -999 -999 -999 -999 -999 -999 -999 -999 -999 -999 -999 -999 -999 -999 -999 -999 -999 -999 -999 -999 -999
120 120 120 100 110 110 100 100 90 -999 -999 -999 -999 -999 -999 -999 -999 -999 -999 -999 -999 -999 90 90 100 100 90 -999 -999 -999 -999 -999 -999 150 160 -999 -999 -999 -999 -999 -999 170 -999 -999 -999 -999 -999 180 170 180 190 200 220 260 280 270 280 250 270 260 280 -999 -999 -999 -999 -999 -999 -999 -999 -999 -999 -999 -999 -999 -999 -999 -999 -999 -999 -999 -999 -999 -999 -999 -999
130 130 130 120 120 110 -999 -999 -999 -999 -999 -999 -999 -999 -999 -999 -999 -999 -999 -999 -999 -999 90 100 100 100 -999 -999 -999 110 120 140 -999 150 170 190 210 200 190 200 190 190 200 190 190 -999 -999 -999 -999 -999 -999 190 220 230 250 260 280 280 -999 -999 310 330 -999 -999 -999 -999 -999 -999 -999 -999 -999 -999 -999 -999 -999 -999 -999 -999 -999 -999 -999 -999 -999 -999 -999
140 140 130 130 -999 -999 -999 -999 -999 -999 -999 -999 -999 -999 -999 -999 -999 -999 -999 -999 -999 -999 -999 -999 -999 -999 -999 -999 -999 120 120 130 -999 150 160 170 190 200 210 210 210 210 210 220 200 190 180 -999 -999 -999 -999 -999 -999 -999 -999 -999 280 290 -999 320 350 -999 -999 -999 -999 -999 -999 -999 -999 -999 -999 -999 -999 -999 -999 -999 -999 -999 -999 -999 -999 -999 -999 -999 -999
150 150 150 -999 -999 -999 -999 -999 -999 -999 -999 -999 -999 -999 -999 -999 -999 -999 -999 -999 -999 -999 -999 -999 -999 -999 -999 -999 -999 -999 -999 -999 -999 -999 150 170 180 190 200 200 210 210 220 220 220 220 190 200 -999 180 -999 -999 -999 -999 -999 -999 -999 -999 -999 350 370 -999 -999 -999 -999 -999 -999 -999 -999 -999 -999 -999 -999 -999 -999 -999 -999 -999 -999 -999 -999 -999 -999 -999 -999
150 150 -999 -999 -999 -999 -999 -999 -999 -999 -999 -999 -999 -999 -999 -999 -999 -999 -999 -999 -999 -999 -999 -999 -999 -999 -999 -999 -999 -999 -999 -999 140 140 140 160 170 180 190 200 200 210 210 220 210 210 220 210 200 190 180 200 -999 270 280 -999 -999 -999 -999 -999 390 -999 -999 -999 -999 -999 -999 -999 -999 -999 -999 -999 -999 -999 -999 -999 -999 -999 -999 -999 -999 -999 -999 -999 -999
160 -999 -999 -999 -999 -999 -999 -999 -999 -999 -999 -999 -999 -999 -999 -999 -999 -999 -999 -999 -999 -999 -999 -999 -999 -999 -999 -999 -999 -999 -999 -999 -999 -999 130 150 170 170 180 190 200 200 210 210 210 210 210 210 210 200 210 -999 -999 290 300 -999 -999 -999 -999 -999 430 440 -999 -999 -999 -999 -999 -999 -999 -999 -999 -999 -999 -999 -999 -999 -999 -999 -999 -999 -999 -999 -999 -999 -999
160 -999 -999 -999 -999 -999 -999 -999 -999 -999 -999 -999 -999 -999 -999 -999 -999 -999 -999 -999 -999 -999 -999 -999 -999 -999 -999 -999 -999 -999 -999 -999 -999 -999 140 150 170 170 180 190 190 200 190 200 200 210 210 230 230 240 230 -999 -999 -999 -999 -999 -999 -999 -999 430 480 520 510 -999 -999 -999 -999 -999 -999 -999 -999 -999 -999 -999 -999 -999 -999 -999 -999 -999 -999 -999 -999 -999 -999
160 -999 -999 -999 -999 -999 -999 -999 -999 -999 -999 -999 -999 -999 -999 -999 -999 -999 -999 -999 -999 -999 -999 -999 -999 -999 -999 -999 -999 -999 -999 -999 -999 130 140 140 170 170 170 180 190 190 200 200 210 220 230 240 240 260 260 280 -999 -999 -999 -999 -999 -999 410 450 510 550 570 550 -999 -999 -999 -999 -999 -999 -999 -999 -999 -999 -999 -999 -999 -999 -999 -999 -999 -999 -999 -999 -999
170 160 170 160 -999 -999 -999 -999 -999 -999 -999 -999 -999 -999 -999 -999 -999 -999 -999 -999 -999 -999 -999 -999 -999 -999 -999 -999 -999 -999 -999 -999 120 120 140 160 160 170 180 190 200 220 220 230 230 240 250 250 260 270 280 310 330 340 -999 -999 380 400 430 470 540 580 630 640 620 -999 -999 -999 -999 -999 -999 -999 -999 -999 -999 -999 -999 -999 -999 -999 -999 -999 -999 -999 -999
180 180 170 170 160 -999 -999 -999 -999 -999 -999 -999 -999 -999 -999 -999 -999 -999 -999 -999 -999 -999 -999 -999 -999 -999 -999 -999 -999 -999 -999 -999 -999 130 140 150 170 190 200 210 220 230 230 240 240 240 260 270 290 290 300 340 350 360 370 390 400 420 450 490 540 580 620 650 690 690 -999 -999 -999 -999 -999 -999 -999 -999 -999 -999 -999 -999 -999 -999 -999 -999 -999 -999 -999
180 170 170 160 160 -999 -999 -999 -999 -999 -999 -999 -999 -999 -999 -999 -999 -999 -999 -999 -999 -999 -999 -999 -999 -999 -999 -999 -999 -999 -999 -999 -999 -999 -999 170 180 190 210 210 230 240 250 250 260 270 270 290 310 310 330 340 360 390 400 410 430 450 480 510 540 580 630 680 730 780 770 -999 -999 -999 -999 -999 -999 -999 -999 -999 -999 -999 -999 -999 -999 -999 -999 -999 -999
180 170 170 170 160 170 170 170 170 160 -999 -999 -999 -999 -999 -999 -999 -999 -999 -999 -999 -999 -999 -999 -999 -999 -999 -999 -999 -999 -999 -999 -999 -999 -999 -999 200 210 220 230 240 250 260 260 270 280 290 300 320 320 340 360 390 400 410 410 440 460 470 510 550 580 620 670 740 800 870 830 -999 -999 -999 -999 -999 -999 -999 -999 -999 -999 -999 -999 -999 -999 -999 -999 -999
170 180 170 170 170 170 170 190 190 180 170 170 170 170 -999 -999 -999 -999 -999 -999 -999 -999 -999 -999 -999 -999 -999 -999 -999 -999 190 190 -999 -999 -999 -999 210 230 240 240 250 250 270 270 280 290 300 310 330 340 360 370 390 390 410 420 450 470 490 510 530 570 610 660 740 820 900 850 -999 -999 -999 -999 -999 -999 -999 -999 -999 -999 -999 -999 -999 -999 -999 -999 -999
180 190 180 170 180 180 180 190 200 200 180 180 180 180 180 -999 -999 -999 -999 -999 -999 -999 -999 -999 -999 -999 -999 -999 -999 -999 190 200 220 -999 -999 -999 240 240 260 260 260 260 270 280 290 300 300 320 340 350 370 380 380 410 440 450 460 480 490 500 520 540 570 610 690 790 880 870 820 -999 -999 -999 -999 -999 -999 -999 -999 -999 -999 -999 -999 -999 -999 -999 -999
190 190 190 190 190 190 190 190 210 210 200 200 200 200 210 210 210 190 190 -999 -999 -999 -999 -999 -999 -999 -999 -999 -999 -999 220 220 -999 -999 -999 260 270 270 270 280 260 280 280 280 300 300 320 330 350 360 390 410 410 430 450 450 470 490 480 500 510 520 530 550 630 730 790 820 800 800 -999 -999 -999 -999 -999 -999 -999 -999 -999 -999 -999 -999 -999 -999 -999
190 200 190 190 200 200 200 200 220 220 210 210 210 210 220 220 220 210 200 190 190 200 200 200 200 200 -999 -999 -999 -999 -999 -999 -999 270 280 280 290 290 290 290 300 300 300 300 310 310 320 340 360 380 400 420 420 440 470 470 470 490 490 510 520 510 510 510 580 670 720 740 760 740 760 770 770 -999 -999 -999 -999 -999 -999 -999 -999 -999 -999 -999 -999
201 210 210 210 210 220 220 220 220 230 220 220 220 230 230 230 220 220 220 230 230 220 210 200 200 190 -999 -999 -999 -999 250 240 240 270 270 280 280 300 300 300 300 310 320 310 310 320 330 330 360 390 400 410 420 440 470 490 490 500 520 520 530 540 530 540 570 620 670 700 710 730 740 760 770 780 780 790 -999 -999 -999 -999 -999 -999 -999 -999 -999
212 211 220 220 230 230 230 250 250 250 240 240 240 250 250 240 230 230 230 240 240 240 220 210 210 230 -999 -999 -999 -999 -999 240 250 270 290 290 290 290 310 310 310 320 330 330 330 330 340 330 370 390 410 430 430 470 490 500 520 530 550 550 560 590 580 590 610 630 660 670 690 710 730 760 770 780 790 790 -999 -999 -999 -999 -999 -999 -999 -999 -999
223 232 231 240 240 250 270 270 280 260 250 250 270 260 260 260 250 250 250 260 250 250 240 240 220 210 -999 -999 -999 -999 -999 280 270 270 300 310 310 310 300 310 320 330 330 340 330 360 370 380 380 400 410 440 450 540 510 520 540 550 550 550 580 610 620 610 640 660 670 660 680 680 690 750 820 840 850 840 840 830 -999 -999 -999 -999 -999 -999 -999
244 243 252 251 270 280 290 280 290 290 280 280 280 280 280 260 270 270 270 270 270 270 260 260 240 230 260 230 -999 -999 300 310 270 300 310 310 330 320 330 330 340 350 350 350 350 380 400 410 400 410 440 480 490 570 550 550 560 550 560 570 590 610 620 610 630 640 640 660 680 680 740 820 870 880 880 920 910 880 840 -999 -999 -999 -999 -999 -999
256 255 264 273 281 290 300 320 320 320 330 320 310 300 300 300 280 280 290 290 300 290 290 280 270 250 280 290 310 -999 -999 -999 290 300 320 330 340 360 370 360 400 400 400 400 420 420 480 460 440 460 470 490 530 540 560 560 560 530 530 550 580 600 640 640 640 650 660 690 720 750 800 840 870 930 990 1020 1000 950 840 -999 -999 -999 -999 -999 -999
267 266 275 294 281 276 294 303 313 331 352 350 330 320 310 310 310 310 310 330 330 330 330 320 310 290 270 310 -999 -999 -999 -999 350 310 330 350 370 380 370 370 430 420 430 430 440 487 506 496 516 466 516 526 565 585 585 585 546 517 488 526 565 584 593 603 632 650 690 710 740 770 810 840 910 970 1050 1120 1100 1040 910 -999 -999 -999 -999 -999 -999
