resources/data/weather/pre/cru_ts_3_10_01.1901.2009.pre_1901_1.asc
ncols  720
nrows  360
xllcorner  -180
yllcorner  -89.9999999999999
cellsize 0.5
NODATA_value  -999
[rows 76 to 113 of 360, columns 510 to 594 of 720]
333 345 357 314 276 244 166 115 108 112 129 134 158 176 186 178 170 148 128 136 141 132 125 121 117 120 124 136 132 136 149 153 167 180 193 210 199 186 160 143 118 107 87 61 59 42 39 31 23 24 26 28 28 47 57 66 91 91 73 29 103 171 137 95 86 63 80 84 88 77 80 67 52 36 19 19 40 40 39 39 19 19 19 38 21
263 274 285 245 224 171 112 80 90 107 118 122 138 165 180 162 141 121 117 117 115 117 112 124 127 108 118 121 116 127 123 126 130 152 165 170 161 161 152 125 108 96 84 57 54 44 35 26 25 20 22 22 28 41 45 61 76 91 74 56 36 62 85 64 51 53 46 48 50 42 44 35 37 26 27 14 15 15 15 14 14 15 17 37 40
199 209 198 163 140 95 69 72 82 92 96 110 125 144 147 140 114 99 104 98 101 96 96 103 115 95 89 91 93 104 97 108 111 124 137 126 133 123 114 104 95 92 71 59 49 31 29 21 21 15 24 15 29 27 39 51 68 78 71 48 34 21 36 29 27 25 26 23 24 26 14 22 15 8 9 9 10 10 10 22 13 14 16 17 19
142 152 124 109 71 72 79 78 77 77 90 98 111 118 121 115 86 83 92 96 87 88 95 94 100 97 83 68 87 80 81 83 85 87 98 70 110 110 90 80 90 77 65 44 42 32 31 22 15 16 8 8 14 21 27 40 52 57 56 41 31 20 9 7 8 8 9 10 9 6 4 8 4 5 5 5 11 7 8 20 12 13 30 33 18
92 97 74 68 69 76 81 81 85 82 87 86 101 100 98 91 84 81 86 84 86 86 93 93 91 97 76 61 62 63 55 57 67 69 70 80 80 70 70 60 60 60 38 37 35 25 24 24 17 8 8 8 8 15 22 28 34 40 34 33 25 16 10 8 9 10 9 10 7 8 4 5 0 5 5 6 6 6 8 9 11 25 28 31 34
72 70 71 72 79 86 91 96 99 91 96 90 87 85 80 71 78 83 84 82 78 79 78 84 75 72 67 53 54 46 38 29 29 30 30 40 40 40 40 50 50 50 40 29 37 27 25 17 18 8 8 8 8 8 15 15 22 27 29 24 19 15 12 12 6 6 4 4 4 5 5 5 5 0 12 6 6 6 7 8 10 11 26 29 32
74 74 74 82 89 97 100 99 103 100 100 99 92 84 72 75 75 77 73 70 66 66 77 83 66 63 50 44 46 38 29 29 20 10 20 20 30 30 30 30 40 30 30 20 29 28 9 9 9 9 9 8 8 8 8 8 8 14 18 20 16 15 11 11 4 4 4 5 5 5 5 6 6 6 7 7 7 7 7 7 9 21 12 27 30
90 78 85 93 101 116 110 116 113 115 115 108 105 93 85 80 82 73 70 66 61 65 70 75 65 62 49 43 37 29 29 20 10 10 20 20 20 20 20 20 30 30 20 20 20 19 10 9 9 9 9 9 9 8 8 8 8 7 12 10 14 14 14 5 5 5 5 5 0 6 6 6 7 7 7 7 7 7 7 7 8 19 33 38 42
99 91 96 104 105 113 121 126 129 125 120 118 106 102 96 87 82 75 71 61 65 70 74 79 68 72 67 44 28 29 20 20 10 10 20 20 30 20 20 20 10 10 10 10 10 10 10 0 10 9 9 9 9 9 9 8 8 15 6 6 6 6 11 6 6 6 6 6 6 6 7 7 7 8 8 8 8 8 8 8 8 17 10 23 26
106 97 100 116 117 133 124 130 134 130 124 128 128 122 102 83 70 66 61 53 51 54 50 60 72 67 70 46 48 30 20 10 10 10 10 10 10 10 10 20 20 10 10 10 10 10 0 0 10 10 10 9 9 9 9 9 8 7 6 6 6 6 6 6 6 6 6 0 7 7 7 8 8 8 8 8 8 8 8 8 8 8 9 21 24
112 111 112 121 130 144 143 141 138 128 129 136 139 133 116 94 78 66 53 44 40 43 53 48 59 61 64 48 50 40 20 10 10 0 0 0 0 0 10 10 10 10 10 10 10 10 0 0 10 10 10 0 0 9 9 9 9 8 7 7 7 7 7 7 7 0 0 0 0 8 8 8 9 9 9 9 9 17 9 9 9 9 9 19 23
138 136 125 142 152 156 155 153 136 133 134 127 138 95 112 94 81 65 51 47 43 53 56 50 53 55 58 60 50 40 30 20 10 0 0 0 0 0 10 10 10 10 0 0 0 10 10 0 10 10 10 10 0 0 0 9 9 8 8 8 8 8 8 8 0 0 0 0 0 8 9 9 9 9 9 18 18 18 18 9 9 9 9 9 21
145 153 149 139 157 160 151 157 140 136 128 120 106 105 104 71 77 70 61 50 60 56 59 53 55 58 60 50 40 30 20 10 10 10 10 10 0 0 0 0 0 0 0 0 10 0 0 10 10 10 10 10 10 10 10 10 18 9 18 9 9 9 9 9 0 0 9 0 9 9 9 10 10 10 10 19 19 19 10 10 10 10 10 10 10
162 161 167 162 172 164 163 146 127 111 110 95 87 79 93 85 56 49 43 38 48 50 61 64 58 60 60 50 40 30 20 10 10 10 0 0 0 0 0 10 0 0 0 0 0 0 0 0 10 10 10 10 10 20 10 10 10 10 10 10 10 10 10 10 10 10 10 0 0 10 10 10 10 10 20 10 10 10 10 10 10 10 10 10 10
193 190 176 177 168 168 151 122 89 80 64 71 86 94 85 70 54 61 53 48 50 53 46 48 60 60 50 40 40 30 30 20 10 10 10 10 10 10 10 0 0 0 0 0 0 0 0 0 10 10 0 10 10 0 10 10 10 10 10 10 10 10 10 10 10 10 10 10 10 10 10 10 10 10 10 10 10 10 20 10 10 20 10 10 10
225 210 196 192 181 154 150 131 122 121 111 111 93 68 59 58 42 50 41 42 44 46 48 60 60 60 50 40 40 30 20 20 10 10 0 0 10 10 20 20 10 10 10 10 10 10 10 10 10 10 10 10 10 10 10 10 10 10 10 10 10 10 10 10 10 10 10 10 10 10 10 10 10 10 10 10 10 10 10 20 20 20 20 10 10
247 231 216 211 185 181 170 150 139 129 120 119 109 82 72 63 54 44 44 35 37 38 40 30 30 30 20 20 20 20 10 10 0 0 0 0 0 0 10 10 10 20 10 10 10 10 10 10 10 10 10 10 10 10 10 10 10 0 10 10 10 10 0 10 10 10 10 10 10 10 10 10 10 20 10 20 20 20 20 20 20 20 20 10 10
257 241 226 211 153 121 131 130 119 109 98 88 88 87 77 58 57 48 47 47 48 40 40 40 30 20 30 30 20 10 10 10 0 10 0 0 0 0 0 0 10 10 10 10 10 10 10 10 10 10 10 10 0 0 10 10 10 10 10 10 10 10 10 10 10 10 10 10 10 10 10 10 10 20 20 10 20 20 20 20 20 20 20 10 10
215 160 113 94 100 107 117 95 105 94 94 94 83 72 72 61 51 51 50 50 50 50 40 40 40 20 30 30 10 10 10 10 10 10 10 10 10 10 0 0 10 10 10 10 10 10 10 10 10 10 10 10 10 10 10 10 10 10 10 10 10 10 10 10 10 10 10 10 10 10 10 20 20 20 20 20 20 20 20 20 20 20 20 10 10
157 104 74 72 130 81 79 78 89 88 109 87 86 75 63 52 52 51 51 50 50 40 40 40 40 20 30 10 10 10 10 10 10 10 10 10 10 10 10 10 10 0 10 10 10 10 10 10 10 10 10 10 10 10 10 10 10 10 10 10 10 10 10 10 10 10 10 10 10 10 10 20 20 20 20 23 27 27 27 27 27 27 27 27 14
124 74 49 59 69 86 97 89 78 77 77 76 54 43 42 31 31 31 31 30 30 30 30 30 30 20 20 10 10 10 10 0 0 0 0 10 10 10 10 0 0 0 10 10 10 10 10 10 10 10 10 10 10 10 10 10 10 10 10 10 10 10 10 10 10 10 10 10 10 10 10 10 10 20 23 27 30 33 35 35 35 17 17 35 35
82 45 46 57 83 94 71 64 66 44 44 43 32 32 21 10 10 10 10 20 20 20 20 20 30 20 10 20 10 10 10 10 10 10 0 0 0 10 10 0 0 0 10 10 10 10 10 10 10 10 10 10 10 10 10 10 10 10 10 10 10 10 10 10 0 10 10 10 10 20 10 10 20 35 27 30 33 37 40 42 42 42 42 42 42
90 48 44 61 66 63 48 40 31 44 22 21 21 11 11 10 10 10 10 10 10 10 20 20 10 10 10 10 10 0 10 10 10 10 10 10 10 10 10 10 10 10 10 10 10 10 10 10 10 10 10 10 10 10 10 10 10 10 10 10 10 10 0 0 10 10 10 10 20 20 20 20 23 40 30 33 37 40 44 47 50 75 50 50 50
84 46 38 32 29 25 27 19 10 10 11 11 11 11 10 10 0 0 0 10 10 10 10 10 10 10 10 10 0 10 10 10 10 10 10 10 10 10 0 10 10 10 10 10 10 10 10 10 10 10 10 10 10 10 10 10 10 10 10 10 10 10 0 10 10 10 10 20 20 20 10 35 40 45 33 37 40 44 70 50 54 57 57 57 86
43 18 10 16 14 8 8 9 9 10 10 11 11 10 0 0 0 0 0 10 10 10 10 10 10 10 10 10 10 10 0 0 0 0 0 0 0 0 0 0 10 10 10 10 10 10 10 10 10 10 10 10 10 10 10 10 10 10 10 10 10 10 10 10 10 10 20 20 10 20 20 36 28 32 71 40 65 94 50 54 86 91 96 97 97
32 9 6 5 7 7 8 0 0 0 0 0 10 0 0 0 0 0 0 0 0 10 10 10 10 10 10 0 0 0 0 0 0 0 0 0 0 0 0 10 10 10 10 10 10 10 10 10 10 10 10 10 10 10 10 10 10 10 10 10 10 10 10 10 10 10 20 20 20 10 20 36 28 48 54 79 87 95 51 55 59 63 101 106 108
59 14 9 10 6 6 0 0 0 0 0 0 0 0 0 10 10 10 10 10 10 10 10 10 10 20 20 20 10 0 0 0 0 0 0 0 0 0 0 10 10 10 10 10 10 10 10 0 10 0 0 10 10 10 10 10 10 10 10 10 10 10 10 10 10 20 20 20 10 20 30 36 42 64 89 40 65 71 77 55 59 63 101 107 112
66 17 15 10 5 6 6 0 0 0 0 0 0 0 10 10 10 10 10 10 10 10 10 20 40 50 40 30 10 10 0 0 0 10 0 0 0 10 10 10 10 10 10 10 10 10 10 10 0 0 0 10 10 10 10 10 10 10 10 10 10 10 10 10 10 20 20 10 20 20 30 24 42 64 71 79 87 48 51 55 59 95 103 74 77
40 16 22 13 9 10 6 6 7 7 8 8 9 9 10 10 10 10 10 10 10 10 40 70 70 70 50 30 20 10 0 10 0 0 0 10 10 10 10 10 10 20 10 10 10 10 10 10 0 0 0 10 10 10 10 10 10 10 10 0 10 10 10 10 20 10 10 10 20 30 30 24 56 48 54 59 65 95 77 83 61 66 71 113 117
47 18 29 28 16 14 15 11 6 6 7 7 8 9 9 10 10 10 20 30 40 70 90 70 70 60 50 30 20 10 10 0 0 10 10 10 10 10 10 10 10 20 20 10 10 10 10 10 0 0 0 10 0 10 10 10 10 10 10 10 10 10 10 20 10 10 20 20 30 30 30 36 56 32 54 79 87 95 79 115 125 136 146 115 158
56 15 41 43 51 46 30 29 27 12 19 14 8 17 19 30 40 50 80 110 110 100 80 80 70 60 60 40 20 10 10 10 10 10 10 10 10 10 10 10 10 10 20 20 10 30 10 10 0 0 40 0 0 10 10 10 10 10 10 10 10 10 20 20 10 20 20 20 30 20 20 24 42 48 54 79 89 99 109 120 130 140 188 156 160
53 10 39 45 52 55 55 56 60 34 39 29 31 51 84 90 110 110 100 110 120 100 90 90 80 70 50 50 20 10 0 0 10 10 10 10 10 10 10 10 10 10 20 20 30 30 30 10 10 10 10 10 10 10 10 10 20 10 20 10 10 20 20 30 20 20 20 30 30 30 30 36 42 48 72 62 93 103 85 155 168 181 231 197 243
29 9 28 43 51 55 61 65 65 80 77 79 87 103 111 120 110 100 110 100 110 120 110 90 70 60 60 40 20 10 10 10 10 10 10 10 10 10 10 10 10 10 20 20 20 30 20 20 10 10 10 10 10 10 20 10 10 20 10 20 20 20 20 20 20 40 30 30 30 30 30 48 42 67 77 109 146 135 118 161 208 224 273 280 329
82 5 20 39 48 58 61 74 70 69 84 86 102 120 130 130 110 120 120 110 120 110 100 90 80 60 60 50 40 10 10 10 10 10 10 10 10 10 10 10 10 20 10 10 20 10 20 10 20 10 10 20 20 10 10 10 20 10 10 20 20 20 20 20 30 30 30 40 40 30 30 38 61 71 81 137 153 196 214 199 251 269 316 366 375
217 116 56 50 44 55 65 69 81 80 90 100 110 112 130 130 130 130 150 130 140 120 110 100 90 70 60 50 30 10 10 10 10 10 10 10 10 10 10 10 10 20 10 20 20 20 10 10 10 20 10 20 10 10 10 10 10 20 10 20 20 30 30 30 30 41 42 42 52 42 42 55 81 113 129 144 213 262 254 309 332 390 441 453 507
398 255 146 104 90 80 77 69 91 98 103 100 118 120 130 140 140 150 140 140 140 140 110 100 90 70 70 50 30 10 10 10 10 10 10 10 10 10 10 10 10 20 20 20 20 10 10 10 10 10 20 20 10 10 20 20 20 30 20 20 20 30 40 40 41 42 43 55 55 55 55 67 87 120 180 201 249 272 361 354 418 436 488 626 685
595 412 271 163 142 138 122 100 96 79 90 100 118 120 139 160 150 150 140 140 150 140 120 100 100 70 60 50 40 20 10 10 10 10 10 10 10 10 10 10 10 20 10 20 10 20 10 10 10 30 30 30 30 20 30 20 20 20 20 20 20 30 40 41 53 54 44 45 57 57 57 77 122 189 213 236 288 376 407 475 547 562 619 677 737
668 589 409 297 223 195 182 153 131 101 102 111 112 137 149 160 170 160 150 150 150 130 120 100 90 70 60 40 40 20 10 10 10 10 10 10 10 10 10 10 10 10 20 20 20 20 30 20 10 30 30 30 30 20 20 30 30 40 40 30 40 40 51 63 65 55 45 58 60 72 84 111 135 215 297 328 389 487 526 640 714 774 794 814 835
